 m,M -> b,B
x-axis: "Cosine(p1,p3)Diff. cross section [pb"  from -1.000000 to 1.000000 N_bins= 150
s section [pb]
-9.933333E-01 2.464066E+00 +/-  3.743822E-02
-9.800000E-01 2.431735E+00 +/-  3.694161E-02
-9.666667E-01 2.400417E+00 +/-  3.664397E-02
-9.533333E-01 2.369796E+00 +/-  3.619458E-02
-9.400000E-01 2.337896E+00 +/-  3.595677E-02
-9.266667E-01 2.308224E+00 +/-  3.558118E-02
-9.133333E-01 2.276324E+00 +/-  3.528138E-02
-9.000000E-01 2.245685E+00 +/-  3.499178E-02
-8.866667E-01 2.220083E+00 +/-  3.467343E-02
-8.733333E-01 2.188271E+00 +/-  3.442601E-02
-8.600000E-01 2.161549E+00 +/-  3.405522E-02
-8.466667E-01 2.133755E+00 +/-  3.388143E-02
-8.333333E-01 2.104808E+00 +/-  3.352114E-02
-8.200000E-01 2.079160E+00 +/-  3.330005E-02
-8.066667E-01 2.050567E+00 +/-  3.298831E-02
-7.933333E-01 2.024872E+00 +/-  3.267298E-02
-7.800000E-01 1.999990E+00 +/-  3.247459E-02
-7.666667E-01 1.974487E+00 +/-  3.214085E-02
-7.533333E-01 1.949654E+00 +/-  3.194327E-02
-7.400000E-01 1.925387E+00 +/-  3.164977E-02
-7.266667E-01 1.900685E+00 +/-  3.135056E-02
-7.133333E-01 1.878146E+00 +/-  3.119353E-02
-7.000000E-01 1.853562E+00 +/-  3.085668E-02
-6.866667E-01 1.831839E+00 +/-  3.064222E-02
-6.733333E-01 1.808215E+00 +/-  3.042239E-02
-6.600000E-01 1.786280E+00 +/-  3.011322E-02
-6.466667E-01 1.766761E+00 +/-  2.997046E-02
-6.333333E-01 1.745841E+00 +/-  2.971504E-02
-6.200000E-01 1.724120E+00 +/-  2.942245E-02
-6.066667E-01 1.705895E+00 +/-  2.932239E-02
-5.933333E-01 1.683154E+00 +/-  2.902060E-02
-5.800000E-01 1.666274E+00 +/-  2.878127E-02
-5.666667E-01 1.646681E+00 +/-  2.867092E-02
-5.533333E-01 1.628373E+00 +/-  2.840803E-02
-5.400000E-01 1.609720E+00 +/-  2.815145E-02
-5.266667E-01 1.593048E+00 +/-  2.806210E-02
-5.133333E-01 1.576292E+00 +/-  2.783251E-02
-5.000000E-01 1.558344E+00 +/-  2.758018E-02
-4.866667E-01 1.543531E+00 +/-  2.747068E-02
-4.733333E-01 1.527585E+00 +/-  2.729808E-02
-4.600000E-01 1.512452E+00 +/-  2.706642E-02
-4.466667E-01 1.496935E+00 +/-  2.689724E-02
-4.333333E-01 1.482634E+00 +/-  2.680368E-02
-4.200000E-01 1.469389E+00 +/-  2.658588E-02
-4.066667E-01 1.455567E+00 +/-  2.638465E-02
-3.933333E-01 1.441093E+00 +/-  2.632545E-02
-3.800000E-01 1.430429E+00 +/-  2.614941E-02
-3.666667E-01 1.417086E+00 +/-  2.595707E-02
-3.533333E-01 1.405363E+00 +/-  2.584695E-02
-3.400000E-01 1.394700E+00 +/-  2.575893E-02
-3.266667E-01 1.382902E+00 +/-  2.558403E-02
-3.133333E-01 1.374025E+00 +/-  2.542063E-02
-3.000000E-01 1.361864E+00 +/-  2.538038E-02
-2.866667E-01 1.352647E+00 +/-  2.524495E-02
-2.733333E-01 1.343203E+00 +/-  2.509450E-02
-2.600000E-01 1.335240E+00 +/-  2.498582E-02
-2.466667E-01 1.328217E+00 +/-  2.497171E-02
-2.333333E-01 1.319609E+00 +/-  2.484876E-02
-2.200000E-01 1.311278E+00 +/-  2.470474E-02
-2.066667E-01 1.303775E+00 +/-  2.464188E-02
-1.933333E-01 1.298913E+00 +/-  2.461380E-02
-1.800000E-01 1.291592E+00 +/-  2.450111E-02
-1.666667E-01 1.286440E+00 +/-  2.439903E-02
-1.533333E-01 1.281060E+00 +/-  2.437650E-02
-1.400000E-01 1.275949E+00 +/-  2.433061E-02
-1.266667E-01 1.271577E+00 +/-  2.425140E-02
-1.133333E-01 1.268180E+00 +/-  2.418227E-02
-1.000000E-01 1.263881E+00 +/-  2.417408E-02
-8.666667E-02 1.262203E+00 +/-  2.415184E-02
-7.333333E-02 1.257681E+00 +/-  2.408290E-02
-6.000000E-02 1.258333E+00 +/-  2.406899E-02
-4.666667E-02 1.254074E+00 +/-  2.405351E-02
-3.333333E-02 1.252329E+00 +/-  2.402924E-02
-2.000000E-02 1.253871E+00 +/-  2.403681E-02
-6.666667E-03 1.251604E+00 +/-  2.401079E-02
6.666667E-03 1.252433E+00 +/-  2.401801E-02
2.000000E-02 1.252159E+00 +/-  2.402131E-02
3.333333E-02 1.254618E+00 +/-  2.405124E-02
4.666667E-02 1.253501E+00 +/-  2.404707E-02
6.000000E-02 1.257085E+00 +/-  2.405820E-02
7.333333E-02 1.259116E+00 +/-  2.409718E-02
8.666667E-02 1.260347E+00 +/-  2.413381E-02
1.000000E-01 1.264719E+00 +/-  2.418141E-02
1.133333E-01 1.268661E+00 +/-  2.418705E-02
1.266667E-01 1.271015E+00 +/-  2.424522E-02
1.400000E-01 1.275581E+00 +/-  2.432789E-02
1.533333E-01 1.281049E+00 +/-  2.437629E-02
1.666667E-01 1.287818E+00 +/-  2.441199E-02
1.800000E-01 1.290294E+00 +/-  2.448960E-02
1.933333E-01 1.298840E+00 +/-  2.461255E-02
2.066667E-01 1.304617E+00 +/-  2.464911E-02
2.200000E-01 1.310946E+00 +/-  2.470279E-02
2.333333E-01 1.320504E+00 +/-  2.485681E-02
2.466667E-01 1.326277E+00 +/-  2.495285E-02
2.600000E-01 1.335248E+00 +/-  2.498596E-02
2.733333E-01 1.343711E+00 +/-  2.509964E-02
2.866667E-01 1.353079E+00 +/-  2.524862E-02
3.000000E-01 1.362725E+00 +/-  2.538778E-02
3.133333E-01 1.373195E+00 +/-  2.541382E-02
3.266667E-01 1.382409E+00 +/-  2.557928E-02
3.400000E-01 1.394621E+00 +/-  2.575752E-02
3.533333E-01 1.405432E+00 +/-  2.584816E-02
3.666667E-01 1.417117E+00 +/-  2.595764E-02
3.800000E-01 1.429908E+00 +/-  2.614423E-02
3.933333E-01 1.442075E+00 +/-  2.633461E-02
4.066667E-01 1.456109E+00 +/-  2.639013E-02
4.200000E-01 1.467872E+00 +/-  2.657149E-02
4.333333E-01 1.483625E+00 +/-  2.681284E-02
4.466667E-01 1.496970E+00 +/-  2.689785E-02
4.600000E-01 1.511922E+00 +/-  2.706127E-02
4.733333E-01 1.528065E+00 +/-  2.730231E-02
4.866667E-01 1.541115E+00 +/-  2.744944E-02
5.000000E-01 1.561268E+00 +/-  2.760602E-02
5.133333E-01 1.573793E+00 +/-  2.781004E-02
5.266667E-01 1.594574E+00 +/-  2.807591E-02
5.400000E-01 1.610695E+00 +/-  2.815990E-02
5.533333E-01 1.628882E+00 +/-  2.841258E-02
5.666667E-01 1.645680E+00 +/-  2.866219E-02
5.800000E-01 1.665780E+00 +/-  2.877703E-02
5.933333E-01 1.684149E+00 +/-  2.902912E-02
6.066667E-01 1.705389E+00 +/-  2.931802E-02
6.200000E-01 1.724616E+00 +/-  2.942662E-02
6.333333E-01 1.743840E+00 +/-  2.969821E-02
6.466667E-01 1.767796E+00 +/-  2.997941E-02
6.600000E-01 1.786253E+00 +/-  3.011277E-02
6.733333E-01 1.807692E+00 +/-  3.041790E-02
6.866667E-01 1.833352E+00 +/-  3.065468E-02
7.000000E-01 1.853064E+00 +/-  3.085265E-02
7.133333E-01 1.877129E+00 +/-  3.118523E-02
7.266667E-01 1.903231E+00 +/-  3.137123E-02
7.400000E-01 1.923850E+00 +/-  3.163731E-02
7.533333E-01 1.949206E+00 +/-  3.194019E-02
7.666667E-01 1.973877E+00 +/-  3.213512E-02
7.800000E-01 2.000666E+00 +/-  3.248144E-02
7.933333E-01 2.024771E+00 +/-  3.267126E-02
8.066667E-01 2.051687E+00 +/-  3.299793E-02
8.200000E-01 2.077867E+00 +/-  3.328766E-02
8.333333E-01 2.105977E+00 +/-  3.353138E-02
8.466667E-01 2.133760E+00 +/-  3.388150E-02
8.600000E-01 2.160672E+00 +/-  3.404999E-02
8.733333E-01 2.188647E+00 +/-  3.442752E-02
8.866667E-01 2.218744E+00 +/-  3.466050E-02
9.000000E-01 2.247024E+00 +/-  3.500459E-02
9.133333E-01 2.276333E+00 +/-  3.528151E-02
9.266667E-01 2.308215E+00 +/-  3.558105E-02
9.400000E-01 2.338377E+00 +/-  3.595999E-02
9.533333E-01 2.368812E+00 +/-  3.618789E-02
9.666667E-01 2.398645E+00 +/-  3.662928E-02
9.800000E-01 2.432638E+00 +/-  3.695186E-02
9.933333E-01 2.465439E+00 +/-  3.744586E-02
