9
1900  1900
1. 0.0  5.24750943337  8.33825354563 5.42561008026  4
1800  1800
1. 0.0  5.24750943337  8.33825354563 5.42561008026  4
1700  1700
1. 0.0  5.2715306297  9.67364815769 5.47749238265  4
1600  1600
1.0 0.0  5.30056492364  10.281467712 6.704345987  5
1500  1500
1. 0.0  5.32193708527  12.5295546539 6.85159298894  9
1400  1400
1. 0.0  5.3430871654  15.896045367 7.12224393164  13
1300  1300
1. 0.0  5.36317605243  20.9687710977 10.2483377441  17
1200  1200
1. 0.0  5.36317605243  20.9687710977 10.2483377441  17
1100  1100
1. 0.0  5.38694166357  30.5892688614 11.2470767205  30
