9
1900  1900
1. 0.0  3.27718289201  12.6674372704 9.30756707148  1
1800  1800
1.0 0.0  3.27718289201  12.6674372704 9.30756707148  1
1700  1700
1. 0.0  3.30230278566  13.5118064667 9.31928781706  2
1600  1600
1. 0.0  3.32513812133  15.3332566942 9.35408628826  3
1500  1500
1. 0.0  3.34502992078  15.9796076522 9.37930829607  5
1400  1400
1. 0.0  3.36469662572  21.2114194693 10.1566859769  7
1300  1300
1. 0.0  3.38374380991  27.5512602106 11.570116787  13
1200  1200
1. 0.0  3.38374380991  27.5512602106 11.570116787  13
1100  1100
1. 0.0  3.4023060069  56.081894814 22.6440082981  23
