9
1900  1900
1. 0.0  31.3961989082  12.6674372704 9.30756707148  1
1800  1800
1. 0.0  31.3961989082  12.6674372704 9.30756707148  1
1700  1700
1. 0.0  35.6026291379  13.5118064667 9.31928781706  2
1600  1600
1. 0.0  37.6009244328  15.3332566942 9.35408628826  3
1500  1500
1. 0.0  38.5997415423  15.9796076522 9.37930829607  5
1400  1400
1. 0.0  39.1752712322  21.2114194693 10.1566859769  7
1300  1300
1. 0.0  39.5563341545  27.5512602106 11.570116787  13
1200  1200
1. 0.0  39.5563341545  27.5512602106 11.570116787  13
1100  1100
1. 0.0  39.8443651073  56.081894814 22.6440082981  23

