2TeV uu bin cuts
xmin  xmax  sig			b	error_b 	N_obs
1900  5900  31.3961989082  12.6674372704 9.30756707148  1.0
	    Sig_err: 0.0563956812984
1800  5900  31.3961989082  12.6674372704 9.30756707148  1.0
	    Sig_err: 0.0563956812984
1700  5900  35.6026291379  13.5118064667 9.31928781706  2.0 //Lowest expected limit
	    Sig_err: 0.0600435242376
	    Observed limit: 4.23162 fb
	Observed limit / step = 132
	Expected limit and bands [fb]:
-2sigma     -1sigma     median    +1sigma     +2sigma
4.23162     7.11681     13.3681     26.7041     51.5808

1600  5900  37.6009244328  15.3332566942 9.35408628826  3.0
	    Sig_err: 0.0616964784466
1500  5900  38.5997415423  15.9796076522 9.37930829607  5.0
	    Sig_err: 0.0625063526896
1400  5900  39.1752712322  21.2114194693 10.1566859769  7.0
	    Sig_err: 0.0629699269993
1300  5900  39.5563341545  27.5512602106 11.570116787  13.0
	    Sig_err: 0.0632740482125
1200  5900  39.5563341545  27.5512602106 11.570116787  13.0
	    Sig_err: 0.0632740482125
1100  5900  39.8443651073  56.081894814 22.6440082981  23.0
	    Sig_err: 0.0635031888403
3TeV uu bin cuts
xmin  xmax  sig			b	error_b 	N_obs
1900  5900  3.27718289201  12.6674372704 9.30756707148  1.0
	    Sig_err: 0.0054539316017	Observed limit / step = 114
1800  5900  3.27718289201  12.6674372704 9.30756707148  1.0
	    Sig_err: 0.0054539316017
1700  5900  3.30230278566  13.5118064667 9.31928781706  2.0
	    Sig_err: 0.00547475468024
1600  5900  3.32513812133  15.3332566942 9.35408628826  3.0
	    Sig_err: 0.00549345430181
1500  5900  3.34502992078  15.9796076522 9.37930829607  5.0
	    Sig_err: 0.0055098726502
1400  5900  3.36469662572  21.2114194693 10.1566859769  7.0
	    Sig_err: 0.00552619733611
1300  5900  3.38374380991  27.5512602106 11.570116787  13.0
	    Sig_err: 0.00554210212195
1200  5900  3.38374380991  27.5512602106 11.570116787  13.0
	    Sig_err: 0.00554210212195
1100  5900  3.4023060069  56.081894814 22.6440082981  23.0
	    Sig_err: 0.0055573116651
4TeV uu bin cuts
xmin  xmax  sig			b	error_b 	N_obs
1900  5900  0.356878609675  12.6674372704 9.30756707148  1.0
	    Sig_err: 0.000645921182145
1800  5900  0.356878609675  12.6674372704 9.30756707148  1.0
	    Sig_err: 0.000645921182145
1700  5900  0.359723569739  13.5118064667 9.31928781706  2.0
	    Sig_err: 0.000648488891488
1600  5900  0.362839626293  15.3332566942 9.35408628826  3.0
	    Sig_err: 0.000651309730024
1500  5900  0.36600338798  15.9796076522 9.37930829607  5.0
	    Sig_err: 0.000654132839755
1400  5900  0.369632402123  21.2114194693 10.1566859769  7.0
	    Sig_err: 0.000657403646753
1300  5900  0.373419236571  27.5512602106 11.570116787  13.0
	    Sig_err: 0.00066081721287
1200  5900  0.373419236571  27.5512602106 11.570116787  13.0
	    Sig_err: 0.00066081721287
1100  5900  0.3775886259  56.081894814 22.6440082981  23.0
	    Sig_err: 0.000664546281083
5TeV uu bin cuts
xmin  xmax  sig			b	error_b 	N_obs
1900  5900  0.0406423406473  12.6674372704 9.30756707148  1.0
	    Sig_err: 9.12384295265e-05
1800  5900  0.0406423406473  12.6674372704 9.30756707148  1.0
	    Sig_err: 9.12384295265e-05
1700  5900  0.0415028812348  13.5118064667 9.31928781706  2.0
	    Sig_err: 9.22086260751e-05
1600  5900  0.0424696259443  15.3332566942 9.35408628826  3.0
	    Sig_err: 9.3285762682e-05
1500  5900  0.043548221728  15.9796076522 9.37930829607  5.0
	    Sig_err: 9.44683738596e-05
1400  5900  0.044749918325  21.2114194693 10.1566859769  7.0
	    Sig_err: 9.57765947998e-05
1300  5900  0.046080998865  27.5512602106 11.570116787  13.0
	    Sig_err: 9.72140898459e-05
1200  5900  0.046080998865  27.5512602106 11.570116787  13.0
	    Sig_err: 9.72140898459e-05
1100  5900  0.0475963560681  56.081894814 22.6440082981  23.0
	    Sig_err: 9.88135811515e-05
